1 0.90364
1.00334 1.47122
1.00669 2.0388
1.01003 2.60638
1.01338 3.17396
1.01672 3.74154
1.02007 4.30912
1.02341 4.8767
1.02676 5.44428
1.0301 6.01186
1.03344 6.57944
1.03679 7.14701
1.04013 7.71459
1.04348 8.28217
1.04682 8.84975
1.05017 9.41733
1.05351 9.98491
1.05686 10.5525
1.0602 11.1201
1.06355 11.6877
1.06689 12.2552
1.07023 12.8228
1.07358 13.3904
1.07692 13.958
1.08027 14.5255
1.08361 15.0931
1.08696 15.6607
1.0903 16.2283
1.09365 16.7959
1.09699 17.3634
1.10033 17.931
1.10368 18.4986
1.10702 19.0662
1.11037 19.6338
1.11371 20.2013
1.11706 20.7689
1.1204 21.3365
1.12375 21.9041
1.12709 22.4717
1.13043 23.0392
1.13378 23.6068
1.13712 24.1744
1.14047 24.742
1.14381 25.3096
1.14716 25.8771
1.1505 26.4447
1.15385 27.0123
1.15719 27.5799
1.16054 28.1475
1.16388 28.715
1.16722 29.2826
1.17057 29.8502
1.17391 30.4178
1.17726 30.9854
1.1806 31.5529
1.18395 32.1205
1.18729 32.6881
1.19064 33.2557
1.19398 33.8233
1.19732 34.3908
1.20067 34.9584
1.20401 35.526
1.20736 36.0936
1.2107 36.6612
1.21405 37.2287
1.21739 37.7963
1.22074 38.3639
1.22408 38.9315
1.22742 39.499
1.23077 40.0666
1.23411 40.6342
1.23746 41.2018
1.2408 41.7694
1.24415 42.3369
1.24749 42.9045
1.25084 43.4721
1.25418 44.0397
1.25753 44.6073
1.26087 45.1748
1.26421 45.7424
1.26756 46.31
1.2709 46.8776
1.27425 47.4452
1.27759 48.0127
1.28094 48.5803
1.28428 49.1479
1.28763 49.7155
1.29097 50.2831
1.29431 50.8506
1.29766 51.4182
1.301 51.9858
1.30435 52.5534
1.30769 53.121
1.31104 53.6885
1.31438 54.2561
1.31773 54.8237
1.32107 55.3913
1.32441 55.9589
1.32776 56.5264
1.3311 57.094
1.33445 57.6616
1.33779 58.2292
1.34114 58.7968
1.34448 59.3643
1.34783 59.9319
1.35117 60.4995
1.35452 61.0671
1.35786 61.6346
1.3612 62.2022
1.36455 62.7698
1.36789 63.3374
1.37124 63.905
1.37458 64.4725
1.37793 65.0401
1.38127 65.6077
1.38462 66.1753
1.38796 66.7429
1.3913 67.3104
1.39465 67.878
1.39799 68.4456
1.40134 69.0132
1.40468 69.5808
1.40803 70.1483
1.41137 70.7159
1.41472 71.2835
1.41806 71.8511
1.4214 72.4187
1.42475 72.9862
1.42809 73.5538
1.43144 74.1214
1.43478 74.689
1.43813 75.2566
1.44147 75.8241
1.44482 76.3917
1.44816 76.9593
1.45151 77.5269
1.45485 78.0945
1.45819 78.662
1.46154 79.2296
1.46488 79.7972
1.46823 80.3648
1.47157 80.9324
1.47492 81.4999
1.47826 82.0675
1.48161 82.6351
1.48495 83.2027
1.48829 83.7703
1.49164 84.3378
1.49498 84.9054
1.49833 85.473
1.50167 86.0406
1.50502 86.6081
1.50836 87.1757
1.51171 87.7433
1.51505 88.3109
1.51839 88.8785
1.52174 89.446
1.52508 90.0136
1.52843 90.5812
1.53177 91.1488
1.53512 91.7164
1.53846 92.2839
1.54181 92.8515
1.54515 93.4191
1.54849 93.9867
1.55184 94.5543
1.55518 95.1218
1.55853 95.6894
1.56187 96.257
1.56522 96.8246
1.56856 97.3922
1.57191 97.9597
1.57525 98.5273
1.5786 99.0949
1.58194 99.6625
1.58528 100.23
1.58863 100.798
1.59197 101.365
1.59532 101.933
1.59866 102.5
1.60201 103.068
1.60535 103.636
1.6087 104.203
1.61204 104.771
1.61538 105.338
1.61873 105.906
1.62207 106.473
1.62542 107.041
1.62876 107.609
1.63211 108.176
1.63545 108.744
1.6388 109.311
1.64214 109.879
1.64548 110.446
1.64883 111.014
1.65217 111.582
1.65552 112.149
1.65886 112.717
1.66221 113.284
1.66555 113.852
1.6689 114.42
1.67224 114.987
1.67559 115.555
1.67893 116.122
1.68227 116.69
1.68562 117.257
1.68896 117.825
1.69231 118.393
1.69565 118.96
1.699 119.528
1.70234 120.095
1.70569 120.663
1.70903 121.231
1.71237 121.798
1.71572 122.366
1.71906 122.933
1.72241 123.501
1.72575 124.068
1.7291 124.636
1.73244 125.204
1.73579 125.771
1.73913 126.339
1.74247 126.906
1.74582 127.474
1.74916 128.041
1.75251 128.609
1.75585 129.177
1.7592 129.744
1.76254 130.312
1.76589 130.879
1.76923 131.447
1.77258 132.015
1.77592 132.582
1.77926 133.15
1.78261 133.717
1.78595 134.285
1.7893 134.852
1.79264 135.42
1.79599 135.988
1.79933 136.555
1.80268 137.123
1.80602 137.69
1.80936 138.258
1.81271 138.825
1.81605 139.393
1.8194 139.961
1.82274 140.528
1.82609 141.096
1.82943 141.663
1.83278 142.231
1.83612 142.799
1.83946 143.366
1.84281 143.934
1.84615 144.501
1.8495 145.069
1.85284 145.636
1.85619 146.204
1.85953 146.772
1.86288 147.339
1.86622 147.907
1.86957 148.474
1.87291 149.042
1.87625 149.609
1.8796 150.177
1.88294 150.745
1.88629 151.312
1.88963 151.88
1.89298 152.447
1.89632 153.015
1.89967 153.583
1.90301 154.15
1.90635 154.718
1.9097 155.285
1.91304 155.853
1.91639 156.42
1.91973 156.988
1.92308 157.556
1.92642 158.123
1.92977 158.691
1.93311 159.258
1.93645 159.826
1.9398 160.393
1.94314 160.961
1.94649 161.529
1.94983 162.096
1.95318 162.664
1.95652 163.231
1.95987 163.799
1.96321 164.367
1.96656 164.934
1.9699 165.502
1.97324 166.069
1.97659 166.637
1.97993 167.204
1.98328 167.772
1.98662 168.34
1.98997 168.907
1.99331 169.475
1.99666 170.042
2 170.61
